(rows, cols) = (100, 99)
last O = (69, 70)
last X = (29, 30)
mid (row, col) = (50, 50)
    4196957296	4196957296	4196957296	4196957296	4196957296	4196957296	4196957296	4196957296	4196957296	4196957296	4196957296	4196957296	4196957296	4196957296	4196957296	4196957296	4196957296	4196957296	4196957296	4196957296	4196957296	4196957296	4196957296	4196957296	4196957296	4196957296	4196957296	4196957296	4196957296	4196957296	4196957296	4196957296	4196957296	4196957296	4196957296	4196957296	4196957296	4196957296	4196957296	4196957296	4196957296	4196957296	4196957296	4196957296	4196957296	4196957296	4196957296	4196957296	4196957296	4196957296	4196957296	4196957296	4196957296	4196957296	4196957296	4196957296	4196957296	4196957296	4196957296	4196957296	4196957296	4196957296	4196957296	4196957296	4196957296	4196957296	4196957296	4196957296	4196957296	4196957296	4196957296	4196957296	4196957296	4196957296	4196957296	4196957296	4196957296	4196957296	4196957296	4196957296	4196957296	4196957296	4196957296	4196957296	4196957296	4196957296	4196957296	4196957296	4196957296	4196957296	4196957296	4196957296	4196957296	4196957296	4196957296	4196957296	4196957296	4196957296	4196957296	4196957296	4196957296	
    4196957296	1	1	1	1	1	1	1	1	1	1	1	1	1	1	1	1	1	1	1	1	1	1	1	1	1	1	1	1	1	1	1	1	1	1	1	1	1	1	1	1	1	1	1	1	1	1	1	1	1	1	1	1	1	1	1	1	1	1	1	1	1	1	1	1	1	1	1	1	1	1	1	1	1	1	1	1	1	1	1	1	1	1	1	1	1	1	1	1	1	1	1	1	1	1	1	1	1	1	1	4196957296	
    4196957296	1	1	1	1	1	1	1	1	1	1	1	1	1	1	1	1	1	1	1	1	1	1	1	1	1	1	1	1	1	1	1	1	1	1	1	1	1	1	1	1	1	1	1	1	1	1	1	1	1	1	1	1	1	1	1	1	1	1	1	1	1	1	1	1	1	1	1	1	1	1	1	1	1	1	1	1	1	1	1	1	1	1	1	1	1	1	1	1	1	1	1	1	1	1	1	1	1	1	1	4196957296	
    4196957296	1	1	2	2	2	2	2	2	2	2	2	2	2	2	2	2	2	2	2	2	2	2	2	2	2	2	2	2	2	2	2	2	2	2	2	2	2	2	2	2	2	2	2	2	2	2	2	2	2	2	2	2	2	2	2	2	2	2	2	2	2	2	2	2	2	2	2	2	2	2	2	2	2	2	2	2	2	2	2	2	2	2	2	2	2	2	2	2	2	2	2	2	2	2	2	2	2	1	1	4196957296	
    4196957296	1	1	2	3	3	3	3	3	3	3	3	3	3	3	3	3	3	3	3	3	3	3	3	3	3	3	3	3	3	3	3	3	3	3	3	3	3	3	3	3	3	3	3	3	3	3	3	3	3	3	3	3	3	3	3	3	3	3	3	3	3	3	3	3	3	3	3	3	3	3	3	3	3	3	3	3	3	3	3	3	3	3	3	3	3	3	3	3	3	3	3	3	3	3	3	3	2	1	1	4196957296	
    4196957296	1	1	2	3	5	5	5	5	5	5	5	5	5	5	5	5	5	5	5	5	5	5	5	5	5	5	5	5	5	5	5	5	5	5	5	5	5	5	5	5	5	5	5	5	5	5	5	5	5	5	5	5	5	5	5	5	5	5	5	5	5	5	5	5	5	5	5	5	5	5	5	5	5	5	5	5	5	5	5	5	5	5	5	5	5	5	5	5	5	5	5	5	5	5	5	5	2	1	1	4196957296	
    4196957296	1	1	2	3	5	8	8	8	8	8	8	8	8	8	8	8	8	8	8	8	8	8	8	8	8	8	8	8	8	8	8	8	8	8	8	8	8	8	8	8	8	8	8	8	8	8	8	8	8	8	8	8	8	8	8	8	8	8	8	8	8	8	8	8	8	8	8	8	8	8	8	8	8	8	8	8	8	8	8	8	8	8	8	8	8	8	8	8	8	8	8	8	8	8	8	5	2	1	1	4196957296	
    4196957296	1	1	2	3	5	8	13	13	13	13	13	13	13	13	13	13	13	13	13	13	13	13	13	13	13	13	13	13	13	13	13	13	13	13	13	13	13	13	13	13	13	13	13	13	13	13	13	13	13	13	13	13	13	13	13	13	13	13	13	13	13	13	13	13	13	13	13	13	13	13	13	13	13	13	13	13	13	13	13	13	13	13	13	13	13	13	13	13	13	13	13	13	13	13	8	5	2	1	1	4196957296	
    4196957296	1	1	2	3	5	8	13	21	21	21	21	21	21	21	21	21	21	21	21	21	21	21	21	21	21	21	21	21	21	21	21	21	21	21	21	21	21	21	21	21	21	21	21	21	21	21	21	21	21	21	21	21	21	21	21	21	21	21	21	21	21	21	21	21	21	21	21	21	21	21	21	21	21	21	21	21	21	21	21	21	21	21	21	21	21	21	21	21	21	21	21	21	21	13	8	5	2	1	1	4196957296	
    4196957296	1	1	2	3	5	8	13	21	34	34	34	34	34	34	34	34	34	34	34	34	34	34	34	34	34	34	34	34	34	34	34	34	34	34	34	34	34	34	34	34	34	34	34	34	34	34	34	34	34	34	34	34	34	34	34	34	34	34	34	34	34	34	34	34	34	34	34	34	34	34	34	34	34	34	34	34	34	34	34	34	34	34	34	34	34	34	34	34	34	34	34	34	21	13	8	5	2	1	1	4196957296	
    4196957296	1	1	2	3	5	8	13	21	34	55	55	55	55	55	55	55	55	55	55	55	55	55	55	55	55	55	55	55	55	55	55	55	55	55	55	55	55	55	55	55	55	55	55	55	55	55	55	55	55	55	55	55	55	55	55	55	55	55	55	55	55	55	55	55	55	55	55	55	55	55	55	55	55	55	55	55	55	55	55	55	55	55	55	55	55	55	55	55	55	55	55	34	21	13	8	5	2	1	1	4196957296	
    4196957296	1	1	2	3	5	8	13	21	34	55	89	89	89	89	89	89	89	89	89	89	89	89	89	89	89	89	89	89	89	89	89	89	89	89	89	89	89	89	89	89	89	89	89	89	89	89	89	89	89	89	89	89	89	89	89	89	89	89	89	89	89	89	89	89	89	89	89	89	89	89	89	89	89	89	89	89	89	89	89	89	89	89	89	89	89	89	89	89	89	89	55	34	21	13	8	5	2	1	1	4196957296	
    4196957296	1	1	2	3	5	8	13	21	34	55	89	144	144	144	144	144	144	144	144	144	144	144	144	144	144	144	144	144	144	144	144	144	144	144	144	144	144	144	144	144	144	144	144	144	144	144	144	144	144	144	144	144	144	144	144	144	144	144	144	144	144	144	144	144	144	144	144	144	144	144	144	144	144	144	144	144	144	144	144	144	144	144	144	144	144	144	144	144	144	89	55	34	21	13	8	5	2	1	1	4196957296	
    4196957296	1	1	2	3	5	8	13	21	34	55	89	144	233	233	233	233	233	233	233	233	233	233	233	233	233	233	233	233	233	233	233	233	233	233	233	233	233	233	233	233	233	233	233	233	233	233	233	233	233	233	233	233	233	233	233	233	233	233	233	233	233	233	233	233	233	233	233	233	233	233	233	233	233	233	233	233	233	233	233	233	233	233	233	233	233	233	233	233	144	89	55	34	21	13	8	5	2	1	1	4196957296	
    4196957296	1	1	2	3	5	8	13	21	34	55	89	144	233	377	377	377	377	377	377	377	377	377	377	377	377	377	377	377	377	377	377	377	377	377	377	377	377	377	377	377	377	377	377	377	377	377	377	377	377	377	377	377	377	377	377	377	377	377	377	377	377	377	377	377	377	377	377	377	377	377	377	377	377	377	377	377	377	377	377	377	377	377	377	377	377	377	377	233	144	89	55	34	21	13	8	5	2	1	1	4196957296	
    4196957296	1	1	2	3	5	8	13	21	34	55	89	144	233	377	610	610	610	610	610	610	610	610	610	610	610	610	610	610	610	610	610	610	610	610	610	610	610	610	610	610	610	610	610	610	610	610	610	610	610	610	610	610	610	610	610	610	610	610	610	610	610	610	610	610	610	610	610	610	610	610	610	610	610	610	610	610	610	610	610	610	610	610	610	610	610	610	377	233	144	89	55	34	21	13	8	5	2	1	1	4196957296	
    4196957296	1	1	2	3	5	8	13	21	34	55	89	144	233	377	610	987	987	987	987	987	987	987	987	987	987	987	987	987	987	987	987	987	987	987	987	987	987	987	987	987	987	987	987	987	987	987	987	987	987	987	987	987	987	987	987	987	987	987	987	987	987	987	987	987	987	987	987	987	987	987	987	987	987	987	987	987	987	987	987	987	987	987	987	987	987	610	377	233	144	89	55	34	21	13	8	5	2	1	1	4196957296	
    4196957296	1	1	2	3	5	8	13	21	34	55	89	144	233	377	610	987	1597	1597	1597	1597	1597	1597	1597	1597	1597	1597	1597	1597	1597	1597	1597	1597	1597	1597	1597	1597	1597	1597	1597	1597	1597	1597	1597	1597	1597	1597	1597	1597	1597	1597	1597	1597	1597	1597	1597	1597	1597	1597	1597	1597	1597	1597	1597	1597	1597	1597	1597	1597	1597	1597	1597	1597	1597	1597	1597	1597	1597	1597	1597	1597	1597	1597	1597	1597	987	610	377	233	144	89	55	34	21	13	8	5	2	1	1	4196957296	
    4196957296	1	1	2	3	5	8	13	21	34	55	89	144	233	377	610	987	1597	2584	2584	2584	2584	2584	2584	2584	2584	2584	2584	2584	2584	2584	2584	2584	2584	2584	2584	2584	2584	2584	2584	2584	2584	2584	2584	2584	2584	2584	2584	2584	2584	2584	2584	2584	2584	2584	2584	2584	2584	2584	2584	2584	2584	2584	2584	2584	2584	2584	2584	2584	2584	2584	2584	2584	2584	2584	2584	2584	2584	2584	2584	2584	2584	2584	2584	1597	987	610	377	233	144	89	55	34	21	13	8	5	2	1	1	4196957296	
    4196957296	1	1	2	3	5	8	13	21	34	55	89	144	233	377	610	987	1597	2584	4181	4181	4181	4181	4181	4181	4181	4181	4181	4181	4181	4181	4181	4181	4181	4181	4181	4181	4181	4181	4181	4181	4181	4181	4181	4181	4181	4181	4181	4181	4181	4181	4181	4181	4181	4181	4181	4181	4181	4181	4181	4181	4181	4181	4181	4181	4181	4181	4181	4181	4181	4181	4181	4181	4181	4181	4181	4181	4181	4181	4181	4181	4181	4181	2584	1597	987	610	377	233	144	89	55	34	21	13	8	5	2	1	1	4196957296	
    4196957296	1	1	2	3	5	8	13	21	34	55	89	144	233	377	610	987	1597	2584	4181	6765	6765	6765	6765	6765	6765	6765	6765	6765	6765	6765	6765	6765	6765	6765	6765	6765	6765	6765	6765	6765	6765	6765	6765	6765	6765	6765	6765	6765	6765	6765	6765	6765	6765	6765	6765	6765	6765	6765	6765	6765	6765	6765	6765	6765	6765	6765	6765	6765	6765	6765	6765	6765	6765	6765	6765	6765	6765	6765	6765	6765	6765	4181	2584	1597	987	610	377	233	144	89	55	34	21	13	8	5	2	1	1	4196957296	
    4196957296	1	1	2	3	5	8	13	21	34	55	89	144	233	377	610	987	1597	2584	4181	6765	10946	10946	10946	10946	10946	10946	10946	10946	10946	10946	10946	10946	10946	10946	10946	10946	10946	10946	10946	10946	10946	10946	10946	10946	10946	10946	10946	10946	10946	10946	10946	10946	10946	10946	10946	10946	10946	10946	10946	10946	10946	10946	10946	10946	10946	10946	10946	10946	10946	10946	10946	10946	10946	10946	10946	10946	10946	10946	10946	10946	6765	4181	2584	1597	987	610	377	233	144	89	55	34	21	13	8	5	2	1	1	4196957296	
    4196957296	1	1	2	3	5	8	13	21	34	55	89	144	233	377	610	987	1597	2584	4181	6765	10946	17711	17711	17711	17711	17711	17711	17711	17711	17711	17711	17711	17711	17711	17711	17711	17711	17711	17711	17711	17711	17711	17711	17711	17711	17711	17711	17711	17711	17711	17711	17711	17711	17711	17711	17711	17711	17711	17711	17711	17711	17711	17711	17711	17711	17711	17711	17711	17711	17711	17711	17711	17711	17711	17711	17711	17711	17711	17711	10946	6765	4181	2584	1597	987	610	377	233	144	89	55	34	21	13	8	5	2	1	1	4196957296	
    4196957296	1	1	2	3	5	8	13	21	34	55	89	144	233	377	610	987	1597	2584	4181	6765	10946	17711	28657	28657	28657	28657	28657	28657	28657	28657	28657	28657	28657	28657	28657	28657	28657	28657	28657	28657	28657	28657	28657	28657	28657	28657	28657	28657	28657	28657	28657	28657	28657	28657	28657	28657	28657	28657	28657	28657	28657	28657	28657	28657	28657	28657	28657	28657	28657	28657	28657	28657	28657	28657	28657	28657	28657	28657	17711	10946	6765	4181	2584	1597	987	610	377	233	144	89	55	34	21	13	8	5	2	1	1	4196957296	
    4196957296	1	1	2	3	5	8	13	21	34	55	89	144	233	377	610	987	1597	2584	4181	6765	10946	17711	28657	46368	46368	46368	46368	46368	46368	46368	46368	46368	46368	46368	46368	46368	46368	46368	46368	46368	46368	46368	46368	46368	46368	46368	46368	46368	46368	46368	46368	46368	46368	46368	46368	46368	46368	46368	46368	46368	46368	46368	46368	46368	46368	46368	46368	46368	46368	46368	46368	46368	46368	46368	46368	46368	46368	28657	17711	10946	6765	4181	2584	1597	987	610	377	233	144	89	55	34	21	13	8	5	2	1	1	4196957296	
    4196957296	1	1	2	3	5	8	13	21	34	55	89	144	233	377	610	987	1597	2584	4181	6765	10946	17711	28657	46368	75025	75025	75025	75025	75025	75025	75025	75025	75025	75025	75025	75025	75025	75025	75025	75025	75025	75025	75025	75025	75025	75025	75025	75025	75025	75025	75025	75025	75025	75025	75025	75025	75025	75025	75025	75025	75025	75025	75025	75025	75025	75025	75025	75025	75025	75025	75025	75025	75025	75025	75025	75025	46368	28657	17711	10946	6765	4181	2584	1597	987	610	377	233	144	89	55	34	21	13	8	5	2	1	1	4196957296	
    4196957296	1	1	2	3	5	8	13	21	34	55	89	144	233	377	610	987	1597	2584	4181	6765	10946	17711	28657	46368	75025	121393	121393	121393	121393	121393	121393	121393	121393	121393	121393	121393	121393	121393	121393	121393	121393	121393	121393	121393	121393	121393	121393	121393	121393	121393	121393	121393	121393	121393	121393	121393	121393	121393	121393	121393	121393	121393	121393	121393	121393	121393	121393	121393	121393	121393	121393	121393	121393	121393	121393	75025	46368	28657	17711	10946	6765	4181	2584	1597	987	610	377	233	144	89	55	34	21	13	8	5	2	1	1	4196957296	
    4196957296	1	1	2	3	5	8	13	21	34	55	89	144	233	377	610	987	1597	2584	4181	6765	10946	17711	28657	46368	75025	121393	196418	196418	196418	196418	196418	196418	196418	196418	196418	196418	196418	196418	196418	196418	196418	196418	196418	196418	196418	196418	196418	196418	196418	196418	196418	196418	196418	196418	196418	196418	196418	196418	196418	196418	196418	196418	196418	196418	196418	196418	196418	196418	196418	196418	196418	196418	196418	196418	121393	75025	46368	28657	17711	10946	6765	4181	2584	1597	987	610	377	233	144	89	55	34	21	13	8	5	2	1	1	4196957296	
    4196957296	1	1	2	3	5	8	13	21	34	55	89	144	233	377	610	987	1597	2584	4181	6765	10946	17711	28657	46368	75025	121393	196418	317811	317811	317811	317811	317811	317811	317811	317811	317811	317811	317811	317811	317811	317811	317811	317811	317811	317811	317811	317811	317811	317811	317811	317811	317811	317811	317811	317811	317811	317811	317811	317811	317811	317811	317811	317811	317811	317811	317811	317811	317811	317811	317811	317811	317811	317811	196418	121393	75025	46368	28657	17711	10946	6765	4181	2584	1597	987	610	377	233	144	89	55	34	21	13	8	5	2	1	1	4196957296	
    4196957296	1	1	2	3	5	8	13	21	34	55	89	144	233	377	610	987	1597	2584	4181	6765	10946	17711	28657	46368	75025	121393	196418	317811	514229	514229	514229	514229	514229	514229	514229	514229	514229	514229	514229	514229	514229	514229	514229	514229	514229	514229	514229	514229	514229	514229	514229	514229	514229	514229	514229	514229	514229	514229	514229	514229	514229	514229	514229	514229	514229	514229	514229	514229	514229	514229	514229	514229	317811	196418	121393	75025	46368	28657	17711	10946	6765	4181	2584	1597	987	610	377	233	144	89	55	34	21	13	8	5	2	1	1	4196957296	
    4196957296	1	1	2	3	5	8	13	21	34	55	89	144	233	377	610	987	1597	2584	4181	6765	10946	17711	28657	46368	75025	121393	196418	317811	514229	832040	832040	832040	832040	832040	832040	832040	832040	832040	832040	832040	832040	832040	832040	832040	832040	832040	832040	832040	832040	832040	832040	832040	832040	832040	832040	832040	832040	832040	832040	832040	832040	832040	832040	832040	832040	832040	832040	832040	832040	832040	832040	514229	317811	196418	121393	75025	46368	28657	17711	10946	6765	4181	2584	1597	987	610	377	233	144	89	55	34	21	13	8	5	2	1	1	4196957296	
    4196957296	1	1	2	3	5	8	13	21	34	55	89	144	233	377	610	987	1597	2584	4181	6765	10946	17711	28657	46368	75025	121393	196418	317811	514229	832040	1346269	1346269	1346269	1346269	1346269	1346269	1346269	1346269	1346269	1346269	1346269	1346269	1346269	1346269	1346269	1346269	1346269	1346269	1346269	1346269	1346269	1346269	1346269	1346269	1346269	1346269	1346269	1346269	1346269	1346269	1346269	1346269	1346269	1346269	1346269	1346269	1346269	1346269	1346269	1346269	832040	514229	317811	196418	121393	75025	46368	28657	17711	10946	6765	4181	2584	1597	987	610	377	233	144	89	55	34	21	13	8	5	2	1	1	4196957296	
    4196957296	1	1	2	3	5	8	13	21	34	55	89	144	233	377	610	987	1597	2584	4181	6765	10946	17711	28657	46368	75025	121393	196418	317811	514229	832040	1346269	2178309	2178309	2178309	2178309	2178309	2178309	2178309	2178309	2178309	2178309	2178309	2178309	2178309	2178309	2178309	2178309	2178309	2178309	2178309	2178309	2178309	2178309	2178309	2178309	2178309	2178309	2178309	2178309	2178309	2178309	2178309	2178309	2178309	2178309	2178309	2178309	2178309	2178309	1346269	832040	514229	317811	196418	121393	75025	46368	28657	17711	10946	6765	4181	2584	1597	987	610	377	233	144	89	55	34	21	13	8	5	2	1	1	4196957296	
    4196957296	1	1	2	3	5	8	13	21	34	55	89	144	233	377	610	987	1597	2584	4181	6765	10946	17711	28657	46368	75025	121393	196418	317811	514229	832040	1346269	2178309	3524578	3524578	3524578	3524578	3524578	3524578	3524578	3524578	3524578	3524578	3524578	3524578	3524578	3524578	3524578	3524578	3524578	3524578	3524578	3524578	3524578	3524578	3524578	3524578	3524578	3524578	3524578	3524578	3524578	3524578	3524578	3524578	3524578	3524578	3524578	3524578	2178309	1346269	832040	514229	317811	196418	121393	75025	46368	28657	17711	10946	6765	4181	2584	1597	987	610	377	233	144	89	55	34	21	13	8	5	2	1	1	4196957296	
    4196957296	1	1	2	3	5	8	13	21	34	55	89	144	233	377	610	987	1597	2584	4181	6765	10946	17711	28657	46368	75025	121393	196418	317811	514229	832040	1346269	2178309	3524578	5702887	5702887	5702887	5702887	5702887	5702887	5702887	5702887	5702887	5702887	5702887	5702887	5702887	5702887	5702887	5702887	5702887	5702887	5702887	5702887	5702887	5702887	5702887	5702887	5702887	5702887	5702887	5702887	5702887	5702887	5702887	5702887	5702887	5702887	3524578	2178309	1346269	832040	514229	317811	196418	121393	75025	46368	28657	17711	10946	6765	4181	2584	1597	987	610	377	233	144	89	55	34	21	13	8	5	2	1	1	4196957296	
    4196957296	1	1	2	3	5	8	13	21	34	55	89	144	233	377	610	987	1597	2584	4181	6765	10946	17711	28657	46368	75025	121393	196418	317811	514229	832040	1346269	2178309	3524578	5702887	9227465	9227465	9227465	9227465	9227465	9227465	9227465	9227465	9227465	9227465	9227465	9227465	9227465	9227465	9227465	9227465	9227465	9227465	9227465	9227465	9227465	9227465	9227465	9227465	9227465	9227465	9227465	9227465	9227465	9227465	9227465	9227465	5702887	3524578	2178309	1346269	832040	514229	317811	196418	121393	75025	46368	28657	17711	10946	6765	4181	2584	1597	987	610	377	233	144	89	55	34	21	13	8	5	2	1	1	4196957296	
    4196957296	1	1	2	3	5	8	13	21	34	55	89	144	233	377	610	987	1597	2584	4181	6765	10946	17711	28657	46368	75025	121393	196418	317811	514229	832040	1346269	2178309	3524578	5702887	9227465	14930352	14930352	14930352	14930352	14930352	14930352	14930352	14930352	14930352	14930352	14930352	14930352	14930352	14930352	14930352	14930352	14930352	14930352	14930352	14930352	14930352	14930352	14930352	14930352	14930352	14930352	14930352	14930352	14930352	14930352	9227465	5702887	3524578	2178309	1346269	832040	514229	317811	196418	121393	75025	46368	28657	17711	10946	6765	4181	2584	1597	987	610	377	233	144	89	55	34	21	13	8	5	2	1	1	4196957296	
    4196957296	1	1	2	3	5	8	13	21	34	55	89	144	233	377	610	987	1597	2584	4181	6765	10946	17711	28657	46368	75025	121393	196418	317811	514229	832040	1346269	2178309	3524578	5702887	9227465	14930352	24157817	24157817	24157817	24157817	24157817	24157817	24157817	24157817	24157817	24157817	24157817	24157817	24157817	24157817	24157817	24157817	24157817	24157817	24157817	24157817	24157817	24157817	24157817	24157817	24157817	24157817	24157817	24157817	14930352	9227465	5702887	3524578	2178309	1346269	832040	514229	317811	196418	121393	75025	46368	28657	17711	10946	6765	4181	2584	1597	987	610	377	233	144	89	55	34	21	13	8	5	2	1	1	4196957296	
    4196957296	1	1	2	3	5	8	13	21	34	55	89	144	233	377	610	987	1597	2584	4181	6765	10946	17711	28657	46368	75025	121393	196418	317811	514229	832040	1346269	2178309	3524578	5702887	9227465	14930352	24157817	39088169	39088169	39088169	39088169	39088169	39088169	39088169	39088169	39088169	39088169	39088169	39088169	39088169	39088169	39088169	39088169	39088169	39088169	39088169	39088169	39088169	39088169	39088169	39088169	39088169	39088169	24157817	14930352	9227465	5702887	3524578	2178309	1346269	832040	514229	317811	196418	121393	75025	46368	28657	17711	10946	6765	4181	2584	1597	987	610	377	233	144	89	55	34	21	13	8	5	2	1	1	4196957296	
    4196957296	1	1	2	3	5	8	13	21	34	55	89	144	233	377	610	987	1597	2584	4181	6765	10946	17711	28657	46368	75025	121393	196418	317811	514229	832040	1346269	2178309	3524578	5702887	9227465	14930352	24157817	39088169	63245986	63245986	63245986	63245986	63245986	63245986	63245986	63245986	63245986	63245986	63245986	63245986	63245986	63245986	63245986	63245986	63245986	63245986	63245986	63245986	63245986	63245986	63245986	63245986	39088169	24157817	14930352	9227465	5702887	3524578	2178309	1346269	832040	514229	317811	196418	121393	75025	46368	28657	17711	10946	6765	4181	2584	1597	987	610	377	233	144	89	55	34	21	13	8	5	2	1	1	4196957296	
    4196957296	1	1	2	3	5	8	13	21	34	55	89	144	233	377	610	987	1597	2584	4181	6765	10946	17711	28657	46368	75025	121393	196418	317811	514229	832040	1346269	2178309	3524578	5702887	9227465	14930352	24157817	39088169	63245986	102334155	102334155	102334155	102334155	102334155	102334155	102334155	102334155	102334155	102334155	102334155	102334155	102334155	102334155	102334155	102334155	102334155	102334155	102334155	102334155	102334155	102334155	63245986	39088169	24157817	14930352	9227465	5702887	3524578	2178309	1346269	832040	514229	317811	196418	121393	75025	46368	28657	17711	10946	6765	4181	2584	1597	987	610	377	233	144	89	55	34	21	13	8	5	2	1	1	4196957296	
    4196957296	1	1	2	3	5	8	13	21	34	55	89	144	233	377	610	987	1597	2584	4181	6765	10946	17711	28657	46368	75025	121393	196418	317811	514229	832040	1346269	2178309	3524578	5702887	9227465	14930352	24157817	39088169	63245986	102334155	165580141	165580141	165580141	165580141	165580141	165580141	165580141	165580141	165580141	165580141	165580141	165580141	165580141	165580141	165580141	165580141	165580141	165580141	165580141	165580141	102334155	63245986	39088169	24157817	14930352	9227465	5702887	3524578	2178309	1346269	832040	514229	317811	196418	121393	75025	46368	28657	17711	10946	6765	4181	2584	1597	987	610	377	233	144	89	55	34	21	13	8	5	2	1	1	4196957296	
    4196957296	1	1	2	3	5	8	13	21	34	55	89	144	233	377	610	987	1597	2584	4181	6765	10946	17711	28657	46368	75025	121393	196418	317811	514229	832040	1346269	2178309	3524578	5702887	9227465	14930352	24157817	39088169	63245986	102334155	165580141	267914296	267914296	267914296	267914296	267914296	267914296	267914296	267914296	267914296	267914296	267914296	267914296	267914296	267914296	267914296	267914296	267914296	267914296	165580141	102334155	63245986	39088169	24157817	14930352	9227465	5702887	3524578	2178309	1346269	832040	514229	317811	196418	121393	75025	46368	28657	17711	10946	6765	4181	2584	1597	987	610	377	233	144	89	55	34	21	13	8	5	2	1	1	4196957296	
    4196957296	1	1	2	3	5	8	13	21	34	55	89	144	233	377	610	987	1597	2584	4181	6765	10946	17711	28657	46368	75025	121393	196418	317811	514229	832040	1346269	2178309	3524578	5702887	9227465	14930352	24157817	39088169	63245986	102334155	165580141	267914296	433494437	433494437	433494437	433494437	433494437	433494437	433494437	433494437	433494437	433494437	433494437	433494437	433494437	433494437	433494437	433494437	267914296	165580141	102334155	63245986	39088169	24157817	14930352	9227465	5702887	3524578	2178309	1346269	832040	514229	317811	196418	121393	75025	46368	28657	17711	10946	6765	4181	2584	1597	987	610	377	233	144	89	55	34	21	13	8	5	2	1	1	4196957296	
    4196957296	1	1	2	3	5	8	13	21	34	55	89	144	233	377	610	987	1597	2584	4181	6765	10946	17711	28657	46368	75025	121393	196418	317811	514229	832040	1346269	2178309	3524578	5702887	9227465	14930352	24157817	39088169	63245986	102334155	165580141	267914296	433494437	701408733	701408733	701408733	701408733	701408733	701408733	701408733	701408733	701408733	701408733	701408733	701408733	701408733	701408733	433494437	267914296	165580141	102334155	63245986	39088169	24157817	14930352	9227465	5702887	3524578	2178309	1346269	832040	514229	317811	196418	121393	75025	46368	28657	17711	10946	6765	4181	2584	1597	987	610	377	233	144	89	55	34	21	13	8	5	2	1	1	4196957296	
    4196957296	1	1	2	3	5	8	13	21	34	55	89	144	233	377	610	987	1597	2584	4181	6765	10946	17711	28657	46368	75025	121393	196418	317811	514229	832040	1346269	2178309	3524578	5702887	9227465	14930352	24157817	39088169	63245986	102334155	165580141	267914296	433494437	701408733	1134903170	1134903170	1134903170	1134903170	1134903170	1134903170	1134903170	1134903170	1134903170	1134903170	1134903170	1134903170	701408733	433494437	267914296	165580141	102334155	63245986	39088169	24157817	14930352	9227465	5702887	3524578	2178309	1346269	832040	514229	317811	196418	121393	75025	46368	28657	17711	10946	6765	4181	2584	1597	987	610	377	233	144	89	55	34	21	13	8	5	2	1	1	4196957296	
    4196957296	1	1	2	3	5	8	13	21	34	55	89	144	233	377	610	987	1597	2584	4181	6765	10946	17711	28657	46368	75025	121393	196418	317811	514229	832040	1346269	2178309	3524578	5702887	9227465	14930352	24157817	39088169	63245986	102334155	165580141	267914296	433494437	701408733	1134903170	1836311903	1836311903	1836311903	1836311903	1836311903	1836311903	1836311903	1836311903	1836311903	1836311903	1134903170	701408733	433494437	267914296	165580141	102334155	63245986	39088169	24157817	14930352	9227465	5702887	3524578	2178309	1346269	832040	514229	317811	196418	121393	75025	46368	28657	17711	10946	6765	4181	2584	1597	987	610	377	233	144	89	55	34	21	13	8	5	2	1	1	4196957296	
    4196957296	1	1	2	3	5	8	13	21	34	55	89	144	233	377	610	987	1597	2584	4181	6765	10946	17711	28657	46368	75025	121393	196418	317811	514229	832040	1346269	2178309	3524578	5702887	9227465	14930352	24157817	39088169	63245986	102334155	165580141	267914296	433494437	701408733	1134903170	1836311903	2971215073	2971215073	2971215073	2971215073	2971215073	2971215073	2971215073	2971215073	1836311903	1134903170	701408733	433494437	267914296	165580141	102334155	63245986	39088169	24157817	14930352	9227465	5702887	3524578	2178309	1346269	832040	514229	317811	196418	121393	75025	46368	28657	17711	10946	6765	4181	2584	1597	987	610	377	233	144	89	55	34	21	13	8	5	2	1	1	4196957296	
    4196957296	1	1	2	3	5	8	13	21	34	55	89	144	233	377	610	987	1597	2584	4181	6765	10946	17711	28657	46368	75025	121393	196418	317811	514229	832040	1346269	2178309	3524578	5702887	9227465	14930352	24157817	39088169	63245986	102334155	165580141	267914296	433494437	701408733	1134903170	1836311903	2971215073	512559680	512559680	512559680	512559680	512559680	512559680	2971215073	1836311903	1134903170	701408733	433494437	267914296	165580141	102334155	63245986	39088169	24157817	14930352	9227465	5702887	3524578	2178309	1346269	832040	514229	317811	196418	121393	75025	46368	28657	17711	10946	6765	4181	2584	1597	987	610	377	233	144	89	55	34	21	13	8	5	2	1	1	4196957296	
    4196957296	1	1	2	3	5	8	13	21	34	55	89	144	233	377	610	987	1597	2584	4181	6765	10946	17711	28657	46368	75025	121393	196418	317811	514229	832040	1346269	2178309	3524578	5702887	9227465	14930352	24157817	39088169	63245986	102334155	165580141	267914296	433494437	701408733	1134903170	1836311903	2971215073	512559680	3483774753	3483774753	3483774753	3483774753	512559680	2971215073	1836311903	1134903170	701408733	433494437	267914296	165580141	102334155	63245986	39088169	24157817	14930352	9227465	5702887	3524578	2178309	1346269	832040	514229	317811	196418	121393	75025	46368	28657	17711	10946	6765	4181	2584	1597	987	610	377	233	144	89	55	34	21	13	8	5	2	1	1	4196957296	
    4196957296	1	1	2	3	5	8	13	21	34	55	89	144	233	377	610	987	1597	2584	4181	6765	10946	17711	28657	46368	75025	121393	196418	317811	514229	832040	1346269	2178309	3524578	5702887	9227465	14930352	24157817	39088169	63245986	102334155	165580141	267914296	433494437	701408733	1134903170	1836311903	2971215073	512559680	3483774753	3996334433	3996334433	3483774753	512559680	2971215073	1836311903	1134903170	701408733	433494437	267914296	165580141	102334155	63245986	39088169	24157817	14930352	9227465	5702887	3524578	2178309	1346269	832040	514229	317811	196418	121393	75025	46368	28657	17711	10946	6765	4181	2584	1597	987	610	377	233	144	89	55	34	21	13	8	5	2	1	1	4196957296	
    4196957296	1	1	2	3	5	8	13	21	34	55	89	144	233	377	610	987	1597	2584	4181	6765	10946	17711	28657	46368	75025	121393	196418	317811	514229	832040	1346269	2178309	3524578	5702887	9227465	14930352	24157817	39088169	63245986	102334155	165580141	267914296	433494437	701408733	1134903170	1836311903	2971215073	512559680	3483774753	3996334433	3996334433	3483774753	512559680	2971215073	1836311903	1134903170	701408733	433494437	267914296	165580141	102334155	63245986	39088169	24157817	14930352	9227465	5702887	3524578	2178309	1346269	832040	514229	317811	196418	121393	75025	46368	28657	17711	10946	6765	4181	2584	1597	987	610	377	233	144	89	55	34	21	13	8	5	3	1	1	4196957296	
    4196957296	1	1	2	3	5	8	13	21	34	55	89	144	233	377	610	987	1597	2584	4181	6765	10946	17711	28657	46368	75025	121393	196418	317811	514229	832040	1346269	2178309	3524578	5702887	9227465	14930352	24157817	39088169	63245986	102334155	165580141	267914296	433494437	701408733	1134903170	1836311903	2971215073	512559680	3483774753	3483774753	3483774753	3483774753	512559680	2971215073	1836311903	1134903170	701408733	433494437	267914296	165580141	102334155	63245986	39088169	24157817	14930352	9227465	5702887	3524578	2178309	1346269	832040	514229	317811	196418	121393	75025	46368	28657	17711	10946	6765	4181	2584	1597	987	610	377	233	144	89	55	34	21	13	8	5	3	1	1	4196957296	
    4196957296	1	1	2	3	5	8	13	21	34	55	89	144	233	377	610	987	1597	2584	4181	6765	10946	17711	28657	46368	75025	121393	196418	317811	514229	832040	1346269	2178309	3524578	5702887	9227465	14930352	24157817	39088169	63245986	102334155	165580141	267914296	433494437	701408733	1134903170	1836311903	2971215073	512559680	512559680	512559680	512559680	512559680	512559680	2971215073	1836311903	1134903170	701408733	433494437	267914296	165580141	102334155	63245986	39088169	24157817	14930352	9227465	5702887	3524578	2178309	1346269	832040	514229	317811	196418	121393	75025	46368	28657	17711	10946	6765	4181	2584	1597	987	610	377	233	144	89	55	34	21	13	8	5	3	1	1	4196957296	
    4196957296	1	1	2	3	5	8	13	21	34	55	89	144	233	377	610	987	1597	2584	4181	6765	10946	17711	28657	46368	75025	121393	196418	317811	514229	832040	1346269	2178309	3524578	5702887	9227465	14930352	24157817	39088169	63245986	102334155	165580141	267914296	433494437	701408733	1134903170	1836311903	2971215073	2971215073	2971215073	2971215073	2971215073	2971215073	2971215073	2971215073	1836311903	1134903170	701408733	433494437	267914296	165580141	102334155	63245986	39088169	24157817	14930352	9227465	5702887	3524578	2178309	1346269	832040	514229	317811	196418	121393	75025	46368	28657	17711	10946	6765	4181	2584	1597	987	610	377	233	144	89	55	34	21	13	8	5	3	1	1	4196957296	
    4196957296	1	1	2	3	5	8	13	21	34	55	89	144	233	377	610	987	1597	2584	4181	6765	10946	17711	28657	46368	75025	121393	196418	317811	514229	832040	1346269	2178309	3524578	5702887	9227465	14930352	24157817	39088169	63245986	102334155	165580141	267914296	433494437	701408733	1134903170	1836311903	1836311903	1836311903	1836311903	1836311903	1836311903	1836311903	1836311903	1836311903	1836311903	1134903170	701408733	433494437	267914296	165580141	102334155	63245986	39088169	24157817	14930352	9227465	5702887	3524578	2178309	1346269	832040	514229	317811	196418	121393	75025	46368	28657	17711	10946	6765	4181	2584	1597	987	610	377	233	144	89	55	34	21	13	8	5	3	1	1	4196957296	
    4196957296	1	1	2	3	5	8	13	21	34	55	89	144	233	377	610	987	1597	2584	4181	6765	10946	17711	28657	46368	75025	121393	196418	317811	514229	832040	1346269	2178309	3524578	5702887	9227465	14930352	24157817	39088169	63245986	102334155	165580141	267914296	433494437	701408733	1134903170	1134903170	1134903170	1134903170	1134903170	1134903170	1134903170	1134903170	1134903170	1134903170	1134903170	1134903170	701408733	433494437	267914296	165580141	102334155	63245986	39088169	24157817	14930352	9227465	5702887	3524578	2178309	1346269	832040	514229	317811	196418	121393	75025	46368	28657	17711	10946	6765	4181	2584	1597	987	610	377	233	144	89	55	34	21	13	8	5	3	1	1	4196957296	
    4196957296	1	1	2	3	5	8	13	21	34	55	89	144	233	377	610	987	1597	2584	4181	6765	10946	17711	28657	46368	75025	121393	196418	317811	514229	832040	1346269	2178309	3524578	5702887	9227465	14930352	24157817	39088169	63245986	102334155	165580141	267914296	433494437	701408733	701408733	701408733	701408733	701408733	701408733	701408733	701408733	701408733	701408733	701408733	701408733	701408733	701408733	433494437	267914296	165580141	102334155	63245986	39088169	24157817	14930352	9227465	5702887	3524578	2178309	1346269	832040	514229	317811	196418	121393	75025	46368	28657	17711	10946	6765	4181	2584	1597	987	610	377	233	144	89	55	34	21	13	8	5	3	1	1	4196957296	
    4196957296	1	1	2	3	5	8	13	21	34	55	89	144	233	377	610	987	1597	2584	4181	6765	10946	17711	28657	46368	75025	121393	196418	317811	514229	832040	1346269	2178309	3524578	5702887	9227465	14930352	24157817	39088169	63245986	102334155	165580141	267914296	433494437	433494437	433494437	433494437	433494437	433494437	433494437	433494437	433494437	433494437	433494437	433494437	433494437	433494437	433494437	433494437	267914296	165580141	102334155	63245986	39088169	24157817	14930352	9227465	5702887	3524578	2178309	1346269	832040	514229	317811	196418	121393	75025	46368	28657	17711	10946	6765	4181	2584	1597	987	610	377	233	144	89	55	34	21	13	8	5	3	1	1	4196957296	
    4196957296	1	1	2	3	5	8	13	21	34	55	89	144	233	377	610	987	1597	2584	4181	6765	10946	17711	28657	46368	75025	121393	196418	317811	514229	832040	1346269	2178309	3524578	5702887	9227465	14930352	24157817	39088169	63245986	102334155	165580141	267914296	267914296	267914296	267914296	267914296	267914296	267914296	267914296	267914296	267914296	267914296	267914296	267914296	267914296	267914296	267914296	267914296	267914296	165580141	102334155	63245986	39088169	24157817	14930352	9227465	5702887	3524578	2178309	1346269	832040	514229	317811	196418	121393	75025	46368	28657	17711	10946	6765	4181	2584	1597	987	610	377	233	144	89	55	34	21	13	8	5	3	1	1	4196957296	
    4196957296	1	1	2	3	5	8	13	21	34	55	89	144	233	377	610	987	1597	2584	4181	6765	10946	17711	28657	46368	75025	121393	196418	317811	514229	832040	1346269	2178309	3524578	5702887	9227465	14930352	24157817	39088169	63245986	102334155	165580141	165580141	165580141	165580141	165580141	165580141	165580141	165580141	165580141	165580141	165580141	165580141	165580141	165580141	165580141	165580141	165580141	165580141	165580141	165580141	102334155	63245986	39088169	24157817	14930352	9227465	5702887	3524578	2178309	1346269	832040	514229	317811	196418	121393	75025	46368	28657	17711	10946	6765	4181	2584	1597	987	610	377	233	144	89	55	34	21	13	8	5	3	1	1	4196957296	
    4196957296	1	1	2	3	5	8	13	21	34	55	89	144	233	377	610	987	1597	2584	4181	6765	10946	17711	28657	46368	75025	121393	196418	317811	514229	832040	1346269	2178309	3524578	5702887	9227465	14930352	24157817	39088169	63245986	102334155	102334155	102334155	102334155	102334155	102334155	102334155	102334155	102334155	102334155	102334155	102334155	102334155	102334155	102334155	102334155	102334155	102334155	102334155	102334155	102334155	102334155	63245986	39088169	24157817	14930352	9227465	5702887	3524578	2178309	1346269	832040	514229	317811	196418	121393	75025	46368	28657	17711	10946	6765	4181	2584	1597	987	610	377	233	144	89	55	34	21	13	8	5	3	1	1	4196957296	
    4196957296	1	1	2	3	5	8	13	21	34	55	89	144	233	377	610	987	1597	2584	4181	6765	10946	17711	28657	46368	75025	121393	196418	317811	514229	832040	1346269	2178309	3524578	5702887	9227465	14930352	24157817	39088169	63245986	63245986	63245986	63245986	63245986	63245986	63245986	63245986	63245986	63245986	63245986	63245986	63245986	63245986	63245986	63245986	63245986	63245986	63245986	63245986	63245986	63245986	63245986	63245986	39088169	24157817	14930352	9227465	5702887	3524578	2178309	1346269	832040	514229	317811	196418	121393	75025	46368	28657	17711	10946	6765	4181	2584	1597	987	610	377	233	144	89	55	34	21	13	8	5	3	1	1	4196957296	
    4196957296	1	1	2	3	5	8	13	21	34	55	89	144	233	377	610	987	1597	2584	4181	6765	10946	17711	28657	46368	75025	121393	196418	317811	514229	832040	1346269	2178309	3524578	5702887	9227465	14930352	24157817	39088169	39088169	39088169	39088169	39088169	39088169	39088169	39088169	39088169	39088169	39088169	39088169	39088169	39088169	39088169	39088169	39088169	39088169	39088169	39088169	39088169	39088169	39088169	39088169	39088169	39088169	24157817	14930352	9227465	5702887	3524578	2178309	1346269	832040	514229	317811	196418	121393	75025	46368	28657	17711	10946	6765	4181	2584	1597	987	610	377	233	144	89	55	34	21	13	8	5	3	1	1	4196957296	
    4196957296	1	1	2	3	5	8	13	21	34	55	89	144	233	377	610	987	1597	2584	4181	6765	10946	17711	28657	46368	75025	121393	196418	317811	514229	832040	1346269	2178309	3524578	5702887	9227465	14930352	24157817	24157817	24157817	24157817	24157817	24157817	24157817	24157817	24157817	24157817	24157817	24157817	24157817	24157817	24157817	24157817	24157817	24157817	24157817	24157817	24157817	24157817	24157817	24157817	24157817	24157817	24157817	24157817	14930352	9227465	5702887	3524578	2178309	1346269	832040	514229	317811	196418	121393	75025	46368	28657	17711	10946	6765	4181	2584	1597	987	610	377	233	144	89	55	34	21	13	8	5	3	1	1	4196957296	
    4196957296	1	1	2	3	5	8	13	21	34	55	89	144	233	377	610	987	1597	2584	4181	6765	10946	17711	28657	46368	75025	121393	196418	317811	514229	832040	1346269	2178309	3524578	5702887	9227465	14930352	14930352	14930352	14930352	14930352	14930352	14930352	14930352	14930352	14930352	14930352	14930352	14930352	14930352	14930352	14930352	14930352	14930352	14930352	14930352	14930352	14930352	14930352	14930352	14930352	14930352	14930352	14930352	14930352	14930352	9227465	5702887	3524578	2178309	1346269	832040	514229	317811	196418	121393	75025	46368	28657	17711	10946	6765	4181	2584	1597	987	610	377	233	144	89	55	34	21	13	8	5	3	1	1	4196957296	
    4196957296	1	1	2	3	5	8	13	21	34	55	89	144	233	377	610	987	1597	2584	4181	6765	10946	17711	28657	46368	75025	121393	196418	317811	514229	832040	1346269	2178309	3524578	5702887	9227465	9227465	9227465	9227465	9227465	9227465	9227465	9227465	9227465	9227465	9227465	9227465	9227465	9227465	9227465	9227465	9227465	9227465	9227465	9227465	9227465	9227465	9227465	9227465	9227465	9227465	9227465	9227465	9227465	9227465	9227465	9227465	5702887	3524578	2178309	1346269	832040	514229	317811	196418	121393	75025	46368	28657	17711	10946	6765	4181	2584	1597	987	610	377	233	144	89	55	34	21	13	8	5	3	1	1	4196957296	
    4196957296	1	1	2	3	5	8	13	21	34	55	89	144	233	377	610	987	1597	2584	4181	6765	10946	17711	28657	46368	75025	121393	196418	317811	514229	832040	1346269	2178309	3524578	5702887	5702887	5702887	5702887	5702887	5702887	5702887	5702887	5702887	5702887	5702887	5702887	5702887	5702887	5702887	5702887	5702887	5702887	5702887	5702887	5702887	5702887	5702887	5702887	5702887	5702887	5702887	5702887	5702887	5702887	5702887	5702887	5702887	5702887	3524578	2178309	1346269	832040	514229	317811	196418	121393	75025	46368	28657	17711	10946	6765	4181	2584	1597	987	610	377	233	144	89	55	34	21	13	8	5	3	1	1	4196957296	
    4196957296	1	1	2	3	5	8	13	21	34	55	89	144	233	377	610	987	1597	2584	4181	6765	10946	17711	28657	46368	75025	121393	196418	317811	514229	832040	1346269	2178309	3524578	3524578	3524578	3524578	3524578	3524578	3524578	3524578	3524578	3524578	3524578	3524578	3524578	3524578	3524578	3524578	3524578	3524578	3524578	3524578	3524578	3524578	3524578	3524578	3524578	3524578	3524578	3524578	3524578	3524578	3524578	3524578	3524578	3524578	3524578	3524578	2178309	1346269	832040	514229	317811	196418	121393	75025	46368	28657	17711	10946	6765	4181	2584	1597	987	610	377	233	144	89	55	34	21	13	8	5	3	1	1	4196957296	
    4196957296	1	1	2	3	5	8	13	21	34	55	89	144	233	377	610	987	1597	2584	4181	6765	10946	17711	28657	46368	75025	121393	196418	317811	514229	832040	1346269	2178309	2178309	2178309	2178309	2178309	2178309	2178309	2178309	2178309	2178309	2178309	2178309	2178309	2178309	2178309	2178309	2178309	2178309	2178309	2178309	2178309	2178309	2178309	2178309	2178309	2178309	2178309	2178309	2178309	2178309	2178309	2178309	2178309	2178309	2178309	2178309	2178309	2178309	1346269	832040	514229	317811	196418	121393	75025	46368	28657	17711	10946	6765	4181	2584	1597	987	610	377	233	144	89	55	34	21	13	8	5	3	1	1	4196957296	
    4196957296	1	1	2	3	5	8	13	21	34	55	89	144	233	377	610	987	1597	2584	4181	6765	10946	17711	28657	46368	75025	121393	196418	317811	514229	832040	1346269	1346269	1346269	1346269	1346269	1346269	1346269	1346269	1346269	1346269	1346269	1346269	1346269	1346269	1346269	1346269	1346269	1346269	1346269	1346269	1346269	1346269	1346269	1346269	1346269	1346269	1346269	1346269	1346269	1346269	1346269	1346269	1346269	1346269	1346269	1346269	1346269	1346269	1346269	1346269	832040	514229	317811	196418	121393	75025	46368	28657	17711	10946	6765	4181	2584	1597	987	610	377	233	144	89	55	34	21	13	8	5	3	1	1	4196957296	
    4196957296	1	1	2	3	5	8	13	21	34	55	89	144	233	377	610	987	1597	2584	4181	6765	10946	17711	28657	46368	75025	121393	196418	317811	514229	832040	832040	832040	832040	832040	832040	832040	832040	832040	832040	832040	832040	832040	832040	832040	832040	832040	832040	832040	832040	832040	832040	832040	832040	832040	832040	832040	832040	832040	832040	832040	832040	832040	832040	832040	832040	832040	832040	832040	832040	832040	832040	514229	317811	196418	121393	75025	46368	28657	17711	10946	6765	4181	2584	1597	987	610	377	233	144	89	55	34	21	13	8	5	3	1	1	4196957296	
    4196957296	1	1	2	3	5	8	13	21	34	55	89	144	233	377	610	987	1597	2584	4181	6765	10946	17711	28657	46368	75025	121393	196418	317811	514229	514229	514229	514229	514229	514229	514229	514229	514229	514229	514229	514229	514229	514229	514229	514229	514229	514229	514229	514229	514229	514229	514229	514229	514229	514229	514229	514229	514229	514229	514229	514229	514229	514229	514229	514229	514229	514229	514229	514229	514229	514229	514229	514229	317811	196418	121393	75025	46368	28657	17711	10946	6765	4181	2584	1597	987	610	377	233	144	89	55	34	21	13	8	5	3	1	1	4196957296	
    4196957296	1	1	2	3	5	8	13	21	34	55	89	144	233	377	610	987	1597	2584	4181	6765	10946	17711	28657	46368	75025	121393	196418	317811	317811	317811	317811	317811	317811	317811	317811	317811	317811	317811	317811	317811	317811	317811	317811	317811	317811	317811	317811	317811	317811	317811	317811	317811	317811	317811	317811	317811	317811	317811	317811	317811	317811	317811	317811	317811	317811	317811	317811	317811	317811	317811	317811	317811	317811	196418	121393	75025	46368	28657	17711	10946	6765	4181	2584	1597	987	610	377	233	144	89	55	34	21	13	8	5	3	1	1	4196957296	
    4196957296	1	1	2	3	5	8	13	21	34	55	89	144	233	377	610	987	1597	2584	4181	6765	10946	17711	28657	46368	75025	121393	196418	196418	196418	196418	196418	196418	196418	196418	196418	196418	196418	196418	196418	196418	196418	196418	196418	196418	196418	196418	196418	196418	196418	196418	196418	196418	196418	196418	196418	196418	196418	196418	196418	196418	196418	196418	196418	196418	196418	196418	196418	196418	196418	196418	196418	196418	196418	196418	121393	75025	46368	28657	17711	10946	6765	4181	2584	1597	987	610	377	233	144	89	55	34	21	13	8	5	3	1	1	4196957296	
    4196957296	1	1	2	3	5	8	13	21	34	55	89	144	233	377	610	987	1597	2584	4181	6765	10946	17711	28657	46368	75025	121393	121393	121393	121393	121393	121393	121393	121393	121393	121393	121393	121393	121393	121393	121393	121393	121393	121393	121393	121393	121393	121393	121393	121393	121393	121393	121393	121393	121393	121393	121393	121393	121393	121393	121393	121393	121393	121393	121393	121393	121393	121393	121393	121393	121393	121393	121393	121393	121393	121393	75025	46368	28657	17711	10946	6765	4181	2584	1597	987	610	377	233	144	89	55	34	21	13	8	5	3	1	1	4196957296	
    4196957296	1	1	2	3	5	8	13	21	34	55	89	144	233	377	610	987	1597	2584	4181	6765	10946	17711	28657	46368	75025	75025	75025	75025	75025	75025	75025	75025	75025	75025	75025	75025	75025	75025	75025	75025	75025	75025	75025	75025	75025	75025	75025	75025	75025	75025	75025	75025	75025	75025	75025	75025	75025	75025	75025	75025	75025	75025	75025	75025	75025	75025	75025	75025	75025	75025	75025	75025	75025	75025	75025	75025	46368	28657	17711	10946	6765	4181	2584	1597	987	610	377	233	144	89	55	34	21	13	8	5	3	1	1	4196957296	
    4196957296	1	1	2	3	5	8	13	21	34	55	89	144	233	377	610	987	1597	2584	4181	6765	10946	17711	28657	46368	46368	46368	46368	46368	46368	46368	46368	46368	46368	46368	46368	46368	46368	46368	46368	46368	46368	46368	46368	46368	46368	46368	46368	46368	46368	46368	46368	46368	46368	46368	46368	46368	46368	46368	46368	46368	46368	46368	46368	46368	46368	46368	46368	46368	46368	46368	46368	46368	46368	46368	46368	46368	46368	28657	17711	10946	6765	4181	2584	1597	987	610	377	233	144	89	55	34	21	13	8	5	3	1	1	4196957296	
    4196957296	1	1	2	3	5	8	13	21	34	55	89	144	233	377	610	987	1597	2584	4181	6765	10946	17711	28657	28657	28657	28657	28657	28657	28657	28657	28657	28657	28657	28657	28657	28657	28657	28657	28657	28657	28657	28657	28657	28657	28657	28657	28657	28657	28657	28657	28657	28657	28657	28657	28657	28657	28657	28657	28657	28657	28657	28657	28657	28657	28657	28657	28657	28657	28657	28657	28657	28657	28657	28657	28657	28657	28657	28657	17711	10946	6765	4181	2584	1597	987	610	377	233	144	89	55	34	21	13	8	5	3	1	1	4196957296	
    4196957296	1	1	2	3	5	8	13	21	34	55	89	144	233	377	610	987	1597	2584	4181	6765	10946	17711	17711	17711	17711	17711	17711	17711	17711	17711	17711	17711	17711	17711	17711	17711	17711	17711	17711	17711	17711	17711	17711	17711	17711	17711	17711	17711	17711	17711	17711	17711	17711	17711	17711	17711	17711	17711	17711	17711	17711	17711	17711	17711	17711	17711	17711	17711	17711	17711	17711	17711	17711	17711	17711	17711	17711	17711	17711	10946	6765	4181	2584	1597	987	610	377	233	144	89	55	34	21	13	8	5	3	1	1	4196957296	
    4196957296	1	1	2	3	5	8	13	21	34	55	89	144	233	377	610	987	1597	2584	4181	6765	10946	10946	10946	10946	10946	10946	10946	10946	10946	10946	10946	10946	10946	10946	10946	10946	10946	10946	10946	10946	10946	10946	10946	10946	10946	10946	10946	10946	10946	10946	10946	10946	10946	10946	10946	10946	10946	10946	10946	10946	10946	10946	10946	10946	10946	10946	10946	10946	10946	10946	10946	10946	10946	10946	10946	10946	10946	10946	10946	10946	6765	4181	2584	1597	987	610	377	233	144	89	55	34	21	13	8	5	3	1	1	4196957296	
    4196957296	1	1	2	3	5	8	13	21	34	55	89	144	233	377	610	987	1597	2584	4181	6765	6765	6765	6765	6765	6765	6765	6765	6765	6765	6765	6765	6765	6765	6765	6765	6765	6765	6765	6765	6765	6765	6765	6765	6765	6765	6765	6765	6765	6765	6765	6765	6765	6765	6765	6765	6765	6765	6765	6765	6765	6765	6765	6765	6765	6765	6765	6765	6765	6765	6765	6765	6765	6765	6765	6765	6765	6765	6765	6765	6765	6765	4181	2584	1597	987	610	377	233	144	89	55	34	21	13	8	5	3	1	1	4196957296	
    4196957296	1	1	2	3	5	8	13	21	34	55	89	144	233	377	610	987	1597	2584	4181	4181	4181	4181	4181	4181	4181	4181	4181	4181	4181	4181	4181	4181	4181	4181	4181	4181	4181	4181	4181	4181	4181	4181	4181	4181	4181	4181	4181	4181	4181	4181	4181	4181	4181	4181	4181	4181	4181	4181	4181	4181	4181	4181	4181	4181	4181	4181	4181	4181	4181	4181	4181	4181	4181	4181	4181	4181	4181	4181	4181	4181	4181	4181	2584	1597	987	610	377	233	144	89	55	34	21	13	8	5	3	1	1	4196957296	
    4196957296	1	1	2	3	5	8	13	21	34	55	89	144	233	377	610	987	1597	2584	2584	2584	2584	2584	2584	2584	2584	2584	2584	2584	2584	2584	2584	2584	2584	2584	2584	2584	2584	2584	2584	2584	2584	2584	2584	2584	2584	2584	2584	2584	2584	2584	2584	2584	2584	2584	2584	2584	2584	2584	2584	2584	2584	2584	2584	2584	2584	2584	2584	2584	2584	2584	2584	2584	2584	2584	2584	2584	2584	2584	2584	2584	2584	2584	2584	1597	987	610	377	233	144	89	55	34	21	13	8	5	3	1	1	4196957296	
    4196957296	1	1	2	3	5	8	13	21	34	55	89	144	233	377	610	987	1597	1597	1597	1597	1597	1597	1597	1597	1597	1597	1597	1597	1597	1597	1597	1597	1597	1597	1597	1597	1597	1597	1597	1597	1597	1597	1597	1597	1597	1597	1597	1597	1597	1597	1597	1597	1597	1597	1597	1597	1597	1597	1597	1597	1597	1597	1597	1597	1597	1597	1597	1597	1597	1597	1597	1597	1597	1597	1597	1597	1597	1597	1597	1597	1597	1597	1597	1597	987	610	377	233	144	89	55	34	21	13	8	5	3	1	1	4196957296	
    4196957296	1	1	2	3	5	8	13	21	34	55	89	144	233	377	610	987	987	987	987	987	987	987	987	987	987	987	987	987	987	987	987	987	987	987	987	987	987	987	987	987	987	987	987	987	987	987	987	987	987	987	987	987	987	987	987	987	987	987	987	987	987	987	987	987	987	987	987	987	987	987	987	987	987	987	987	987	987	987	987	987	987	987	987	987	987	610	377	233	144	89	55	34	21	13	8	5	3	1	1	4196957296	
    4196957296	1	1	2	3	5	8	13	21	34	55	89	144	233	377	610	610	610	610	610	610	610	610	610	610	610	610	610	610	610	610	610	610	610	610	610	610	610	610	610	610	610	610	610	610	610	610	610	610	610	610	610	610	610	610	610	610	610	610	610	610	610	610	610	610	610	610	610	610	610	610	610	610	610	610	610	610	610	610	610	610	610	610	610	610	610	610	377	233	144	89	55	34	21	13	8	5	3	1	1	4196957296	
    4196957296	1	1	2	3	5	8	13	21	34	55	89	144	233	377	377	377	377	377	377	377	377	377	377	377	377	377	377	377	377	377	377	377	377	377	377	377	377	377	377	377	377	377	377	377	377	377	377	377	377	377	377	377	377	377	377	377	377	377	377	377	377	377	377	377	377	377	377	377	377	377	377	377	377	377	377	377	377	377	377	377	377	377	377	377	377	377	377	233	144	89	55	34	21	13	8	5	3	1	1	4196957296	
    4196957296	1	1	2	3	5	8	13	21	34	55	89	144	233	233	233	233	233	233	233	233	233	233	233	233	233	233	233	233	233	233	233	233	233	233	233	233	233	233	233	233	233	233	233	233	233	233	233	233	233	233	233	233	233	233	233	233	233	233	233	233	233	233	233	233	233	233	233	233	233	233	233	233	233	233	233	233	233	233	233	233	233	233	233	233	233	233	233	233	144	89	55	34	21	13	8	5	3	1	1	4196957296	
    4196957296	1	1	2	3	5	8	13	21	34	55	89	144	144	144	144	144	144	144	144	144	144	144	144	144	144	144	144	144	144	144	144	144	144	144	144	144	144	144	144	144	144	144	144	144	144	144	144	144	144	144	144	144	144	144	144	144	144	144	144	144	144	144	144	144	144	144	144	144	144	144	144	144	144	144	144	144	144	144	144	144	144	144	144	144	144	144	144	144	144	89	55	34	21	13	8	5	3	1	1	4196957296	
    4196957296	1	1	2	3	5	8	13	21	34	55	89	89	89	89	89	89	89	89	89	89	89	89	89	89	89	89	89	89	89	89	89	89	89	89	89	89	89	89	89	89	89	89	89	89	89	89	89	89	89	89	89	89	89	89	89	89	89	89	89	89	89	89	89	89	89	89	89	89	89	89	89	89	89	89	89	89	89	89	89	89	89	89	89	89	89	89	89	89	89	89	55	34	21	13	8	5	3	1	1	4196957296	
    4196957296	1	1	2	3	5	8	13	21	34	55	55	55	55	55	55	55	55	55	55	55	55	55	55	55	55	55	55	55	55	55	55	55	55	55	55	55	55	55	55	55	55	55	55	55	55	55	55	55	55	55	55	55	55	55	55	55	55	55	55	55	55	55	55	55	55	55	55	55	55	55	55	55	55	55	55	55	55	55	55	55	55	55	55	55	55	55	55	55	55	55	55	34	21	13	8	5	3	1	1	4196957296	
    4196957296	1	1	2	3	5	8	13	21	34	34	34	34	34	34	34	34	34	34	34	34	34	34	34	34	34	34	34	34	34	34	34	34	34	34	34	34	34	34	34	34	34	34	34	34	34	34	34	34	34	34	34	34	34	34	34	34	34	34	34	34	34	34	34	34	34	34	34	34	34	34	34	34	34	34	34	34	34	34	34	34	34	34	34	34	34	34	34	34	34	34	34	34	21	13	8	5	3	1	1	4196957296	
    4196957296	1	1	2	3	5	8	13	21	21	21	21	21	21	21	21	21	21	21	21	21	21	21	21	21	21	21	21	21	21	21	21	21	21	21	21	21	21	21	21	21	21	21	21	21	21	21	21	21	21	21	21	21	21	21	21	21	21	21	21	21	21	21	21	21	21	21	21	21	21	21	21	21	21	21	21	21	21	21	21	21	21	21	21	21	21	21	21	21	21	21	21	21	21	13	8	5	3	1	1	4196957296	
    4196957296	1	1	2	3	5	8	13	13	13	13	13	13	13	13	13	13	13	13	13	13	13	13	13	13	13	13	13	13	13	13	13	13	13	13	13	13	13	13	13	13	13	13	13	13	13	13	13	13	13	13	13	13	13	13	13	13	13	13	13	13	13	13	13	13	13	13	13	13	13	13	13	13	13	13	13	13	13	13	13	13	13	13	13	13	13	13	13	13	13	13	13	13	13	13	8	5	3	1	1	4196957296	
    4196957296	1	1	2	3	5	8	8	8	8	8	8	8	8	8	8	8	8	8	8	8	8	8	8	8	8	8	8	8	8	8	8	8	8	8	8	8	8	8	8	8	8	8	8	8	8	8	8	8	8	8	8	8	8	8	8	8	8	8	8	8	8	8	8	8	8	8	8	8	8	8	8	8	8	8	8	8	8	8	8	8	8	8	8	8	8	8	8	8	8	8	8	8	8	8	8	5	3	1	1	4196957296	
    4196957296	1	1	2	3	5	5	5	5	5	5	5	5	5	5	5	5	5	5	5	5	5	5	5	5	5	5	5	5	5	5	5	5	5	5	5	5	5	5	5	5	5	5	5	5	5	5	5	5	5	5	5	5	5	5	5	5	5	5	5	5	5	5	5	5	5	5	5	5	5	5	5	5	5	5	5	5	5	5	5	5	5	5	5	5	5	5	5	5	5	5	5	5	5	5	5	5	3	1	1	4196957296	
    4196957296	1	1	2	3	3	3	3	3	3	3	3	3	3	3	3	3	3	3	3	3	3	3	3	3	3	3	3	3	3	3	3	3	3	3	3	3	3	3	3	3	3	3	3	3	3	3	3	3	3	3	3	3	3	3	3	3	3	3	3	3	3	3	3	3	3	3	3	3	3	3	3	3	3	3	3	3	3	3	3	3	3	3	3	3	3	3	3	3	3	3	3	3	3	3	3	3	3	1	1	4196957296	
    4196957296	1	1	2	2	2	2	2	2	2	2	2	2	2	2	2	2	2	2	2	2	2	2	2	2	2	2	2	2	2	2	2	2	2	2	2	2	2	2	2	2	2	2	2	2	2	2	2	2	2	2	2	2	2	2	2	2	2	2	2	2	2	2	2	2	2	2	2	2	2	2	2	2	2	2	2	2	2	2	2	2	2	2	2	2	2	2	2	2	2	2	2	2	2	2	2	2	2	1	1	4196957296	
    4196957296	1	1	1	1	1	1	1	1	1	1	1	1	1	1	1	1	1	1	1	1	1	1	1	1	1	1	1	1	1	1	1	1	1	1	1	1	1	1	1	1	1	1	1	1	1	1	1	1	1	1	1	1	1	1	1	1	1	1	1	1	1	1	1	1	1	1	1	1	1	1	1	1	1	1	1	1	1	1	1	1	1	1	1	1	1	1	1	1	1	1	1	1	1	1	1	1	1	1	1	4196957296	
    4196957296	1	1	1	1	1	1	1	1	1	1	1	1	1	1	1	1	1	1	1	1	1	1	1	1	1	1	1	1	1	1	1	1	1	1	1	1	1	1	1	1	1	1	1	1	1	1	1	1	1	1	1	1	1	1	1	1	1	1	1	1	1	1	1	1	1	1	1	1	1	1	1	1	1	1	1	1	1	1	1	1	1	1	1	1	1	1	1	1	1	1	1	1	1	1	1	1	1	1	1	4196957296	
    4196957296	4196957296	4196957296	4196957296	4196957296	4196957296	4196957296	4196957296	4196957296	4196957296	4196957296	4196957296	4196957296	4196957296	4196957296	4196957296	4196957296	4196957296	4196957296	4196957296	4196957296	4196957296	4196957296	4196957296	4196957296	4196957296	4196957296	4196957296	4196957296	4196957296	4196957296	4196957296	4196957296	4196957296	4196957296	4196957296	4196957296	4196957296	4196957296	4196957296	4196957296	4196957296	4196957296	4196957296	4196957296	4196957296	4196957296	4196957296	4196957296	4196957296	4196957296	4196957296	4196957296	4196957296	4196957296	4196957296	4196957296	4196957296	4196957296	4196957296	4196957296	4196957296	4196957296	4196957296	4196957296	4196957296	4196957296	4196957296	4196957296	4196957296	4196957296	4196957296	4196957296	4196957296	4196957296	4196957296	4196957296	4196957296	4196957296	4196957296	4196957296	4196957296	4196957296	4196957296	4196957296	4196957296	4196957296	4196957296	4196957296	4196957296	4196957296	4196957296	4196957296	4196957296	4196957296	4196957296	4196957296	4196957296	4196957296	4196957296	4196957296	
